       .000       .140     47.430    -52.730 
       .000       .250     47.430    -52.730 
       .000       .500     47.430    -52.730 
       .000       .750     47.430    -52.730 
       .000      1.000     47.430    -52.730 
       .000      1.250     47.430    -52.730 
       .000      1.500     47.430    -52.730 
       .000      1.750     47.430    -52.730 
       .000      2.000     47.430    -52.730 
       .000      2.250     47.430    -52.730 
       .000      2.500     47.430    -52.730 
       .000      2.750     47.430    -52.730 
       .000      3.000     47.430    -52.730 
       .000      3.250     47.430    -52.730 
       .000      3.500     47.430    -52.730 
       .000      3.750     47.430    -52.730 
       .000      4.000     47.430    -52.730 
       .000      4.250     47.430    -52.730 
       .000      4.500     47.430    -52.730 
       .000      4.750     47.430    -52.730 
       .000      5.000     47.430    -52.730 
       .000      5.250     47.430    -52.730 
       .000      5.500     47.430    -52.730 
       .000      5.750     47.430    -52.730 
       .000      6.000     47.430    -52.730 
       .000      6.250     47.430    -52.730 
       .000      6.500     47.430    -52.730 
       .000      6.750     47.430    -52.730 
       .000      7.000     47.430    -52.730 
       .000      7.250     47.430    -52.730 
       .000      7.500     47.430    -52.730 
       .000      7.750     47.430    -52.730 
       .000      8.000     47.430    -52.730 
       .000      8.250     47.430    -52.730 
       .000      8.500     47.430    -52.730 
       .000      8.750     47.430    -52.730 
       .000      9.000     47.430    -52.730 
       .000      9.250     47.430    -52.730 
       .000      9.500     47.430    -52.730 
       .000      9.750     47.430    -52.730 
       .000     10.000     47.430    -52.730 
       .000     10.250     47.430    -52.730 
       .000     10.500     47.430    -52.730 
       .000     10.750     47.430    -52.730 
       .000     11.000     47.430    -52.730 
       .000     11.250     47.430    -52.730 
       .000     11.500     47.430    -52.730 
       .000     11.750     47.430    -52.730 
       .000     12.000     47.430    -52.730 
       .000     12.250     47.430    -52.730 
       .000     12.500     47.430    -52.730 
       .000     12.750     47.430    -52.730 
       .000     13.000     47.430    -52.730 
       .000     13.250     47.430    -52.730 
       .000     13.500     47.430    -52.730 
       .000     13.750     47.430    -52.730 
       .000     14.000     47.430    -52.730 
       .000     14.250     47.430    -52.730 
       .000     14.500     47.430    -52.730 
       .000     14.750     47.430    -52.730 
       .000     15.000     47.430    -52.730 
       .000     15.250     47.430    -52.730 
       .000     15.500     47.430    -52.730 
       .000     15.750     47.430    -52.730 
       .000     16.000     47.430    -52.730 
       .000     16.250     47.430    -52.730 
       .000     16.500     47.430    -52.730 
       .000     16.750     47.430    -52.730 
       .000     17.000     47.430    -52.730 
       .000     17.250     47.430    -52.730 
       .000     17.500     47.430    -52.730 
       .000     17.750     47.430    -52.730 
       .000     18.000     47.430    -52.730 
       .000     18.250     47.430    -52.730 
       .000     18.500     47.430    -52.730 
       .000     18.750     47.430    -52.730 
       .000     19.000     47.430    -52.730 
       .000     19.250     47.430    -52.730 
       .000     19.500     47.430    -52.730 
       .000     19.750     47.430    -52.730 
       .000     20.000     47.430    -52.730 
       .000     20.250     47.430    -52.730 
       .000     20.500     47.430    -52.730 
       .000     20.750     47.430    -52.730 
       .000     21.000     47.430    -52.730 
       .000     21.250     47.430    -52.730 
       .000     21.500     47.430    -52.730 
       .000     21.750     47.430    -52.730 
       .000     22.000     47.430    -52.730 
       .000     22.250     47.430    -52.730 
       .000     22.500     47.430    -52.730 
       .000     22.750     47.430    -52.730 
       .000     23.000     47.430    -52.730 
       .000     23.250     47.430    -52.730 
       .000     23.500     47.430    -52.730 
       .000     23.750     47.430    -52.730 
       .000     24.000     47.430    -52.730 
       .000     24.250     47.430    -52.730 
       .000     24.500     47.430    -52.730 
       .000     24.750     47.430    -52.730 
       .000     25.000     47.430    -52.730 
       .000     25.250     47.430    -52.730 
       .000     25.500     47.430    -52.730 
       .000     25.750     47.430    -52.730 
       .000     26.000     47.430    -52.730 
       .000     26.250     47.430    -52.730 
       .000     26.500     47.430    -52.730 
       .000     26.750     47.430    -52.730 
       .000     27.000     47.430    -52.730 
       .000     27.250     47.430    -52.730 
       .000     27.500     47.430    -52.730 
       .000     27.750     47.430    -52.730 
       .000     28.000     47.430    -52.730 
       .000     28.250     47.430    -52.730 
       .000     28.500     47.430    -52.730 
       .000     28.750     47.430    -52.730 
       .000     29.000     47.430    -52.730 
       .000     29.250     47.430    -52.730 
       .000     29.500     47.430    -52.730 
       .000     29.750     47.430    -52.730 
       .000     30.000     47.430    -52.730 